(-89, -86), (-16, -71), (-21, -69)
(-15, -81), (-30, -99), (51, 18), (-99, -18), (36, -63)
(-90, 62), (45, -30), (-52, -18)
(38, 1), (45, 1), (89, -75), (-33, -54)
(-27, -8), (-39, -61), (30, 33), (31, 84)
(-88, 98), (-80, -8), (8, -82)
(55, 95), (-66, 63), (-23, 41)
(-99, 68), (41, 29), (54, 83), (-71, -55), (34, 5), (-34, 27), (90, -25)
(0, -24), (-70, 60), (-46, -65), (-16, -59), (-55, 93), (27, -36), (-66, -71)
(-18, 74), (32, 25), (-41, -30)
(-97, 77), (-99, 86), (66, -36), (14, -74), (80, -73), (61, 57), (-6, 58)
(17, -14), (30, 17), (27, -5), (36, -73), (19, 94), (-85, 1)
(-8, 95), (-36, -85), (27, 11)
(-47, 59), (-33, -32), (-81, 26), (-81, -87)
(2, -24), (35, -26), (49, -44), (-55, 94), (42, 43)
(-33, 49), (-19, 91), (50, 62), (-9, 33), (84, 63)
(-71, 83), (-15, -21), (57, -82), (-39, -3), (-100, -25), (22, 28)
(18, -20), (-73, -27), (-65, 49)
(-28, 83), (-82, -96), (3, -23), (-24, 18)
(-66, -15), (-71, 35), (56, -54), (52, 88)
(-1, -74), (32, -55), (42, -83), (45, -80)
(-27, -30), (34, -82), (-2, -66), (-8, -27)
(64, -20), (76, -20), (42, 43), (-60, 66)
(-7, 92), (-41, -29), (28, -62), (-97, 36), (22, 37), (-74, -59), (-100, -41)
(-88, -98), (-53, 22), (-84, 87), (94, -57), (-18, -100)